null2 1
2 2
2 3
3 3
4 3
4 4
4 5
5 5
6 5
6 6
6 7
7 7
8 7
8 8
8 9
9 9
10 9
10 10
10 11
11 11
12 11
12 12
12 13
13 13
14 13
14 14
14 15
15 15
16 15
16 16
16 17
17 17
18 17
18 18
18 19
19 19
20 19
19 19
19 20
19 20
20 20
20 20
21 20
20 20
20 21
20 21
21 21
21 21
22 21
21 21
21 22
21 22
22 22
22 22
23 22
22 22
22 23
22 23
23 23
23 23
24 23
23 23
23 24
23 24
24 24
24 24
25 23
24 24
24 25
24 25
25 25
25 25
25 24
25 25
24 26
25 26
25 26
26 26
26 25
26 26
25 27
26 27
26 27
27 27
27 26
27 27
26 28
27 28
27 28
28 28
28 27
28 28
27 29
28 29
28 29
29 29
29 28
29 29
28 30
29 30
29 30
30 30
30 29
30 30
29 31
31 31
31 31
31 31
31 31
32 31
32 31
32 32
32 32
32 32
32 32
32 32
33 32
32 33
33 33
32 33
33 33
33 33
34 33
33 34
34 34
33 34
34 34
34 34
35 34
34 35
35 34
34 35
36 35
36 35
36 36
36 36
36 36
36 36
36 36
37 36
36 37
37 37
36 37
37 37
37 37
38 37
37 38
38 38
37 38
38 38
38 38
39 38
38 39
39 39
39 38
39 39
39 39
40 39
40 39
40 40
39 40
40 40
40 40
41 40
41 40
41 41
40 41
41 41
41 41
42 41
42 41
42 41
41 42
42 42
42 42
43 42
43 42
43 42
42 43
43 43
43 43
44 43
44 43
44 43
43 44
44 44
44 44
45 44
45 44
45 44
44 45
45 45
45 45
46 45
46 45
45 45
45 46
45 46
46 46
46 46
47 46
46 46
46 47
46 47
47 47
47 47
48 47
47 47
47 48
47 48
48 48
48 48
49 48
48 48
48 49
48 49
49 49
49 49
50 48
49 49
49 50
49 50
50 50
50 50
51 49
50 50
50 51
50 51
51 51
51 51
52 50
51 51
51 52
51 52
53 52
53 52
53 52
52 53
53 53
53 53
54 53
54 53
54 53
53 54
54 54
54 54
55 54
55 54
55 54
54 55
55 55
55 55
56 55
56 55
56 55
55 56
55 56
56 56
56 56
57 55
56 56
56 57
56 57
57 57
57 57
58 56
57 57
57 58
57 58
58 58
58 58
59 57
58 58
58 59
58 59
59 59
59 59
60 58
59 59
59 60
59 60
60 60
60 60
61 59
60 60
60 61
60 61
61 61
61 61
62 60
61 61
61 62
61 62
62 62
62 62
62 62
62 62
63 62
63 62
63 63
63 63
63 63
63 63
64 63
64 63
64 64
64 64
63 64
64 64
64 64
65 65
65 65
65 65
65 65
66 65
66 65
66 66
66 66
66 66
66 66
67 66
67 66
67 67
67 67
67 67
67 67
68 67
68 67
68 68
68 68
68 68
68 68
69 68
69 68
69 69
69 69
69 69
69 69
70 69
70 69
70 70
70 69
70 70
70 70
71 70
71 70
71 71
71 70
70 71
71 71
71 71
72 71
71 72
72 71
71 72
72 72
72 72
73 72
72 73
73 72
72 73
73 73
73 73
74 73
74 74
74 74
74 74
75 74
75 74
75 75
75 75
75 75
75 75
76 75
76 75
76 76
76 75
76 76
76 76
77 76
77 76
77 77
77 76
77 77
77 77
78 77
78 77
77 78
78 77
77 78
78 78
78 78
79 78
78 79
79 78
78 79
79 79
79 79
80 79
79 80
79 80
79 80
80 80
80 80
81 80
80 81
80 81
80 81
81 81
81 81
82 81
81 82
81 82
81 82
82 82
82 82
83 82
82 82
83 83
83 83
84 83
84 83
84 84
83 84
84 84
84 84
85 84
85 84
85 85
84 85
84 85
85 85
85 85
86 85
85 86
85 86
85 86
86 86
86 86
87 86
86 87
86 87
86 87
87 87
87 87
88 87
87 88
87 88
87 88
88 88
88 88
89 88
88 88
88 89
88 89
89 89
89 89
90 89
89 89
89 90
89 90
90 90
90 90
91 90
90 90
90 91
90 91
91 91
91 91
92 92
91 92
91 92
92 92
92 92
93 92
93 92
93 92
92 93
93 93
93 93
94 93
94 92
94 93
93 94
94 94
94 94
95 94
95 93
95 94
94 95
95 95
95 95
96 95
96 94
96 95
95 96
96 96
96 96
97 96
97 95
96 96
96 97
96 97
97 97
98 97
98 97
97 98
98 98
98 98
99 98
99 97
99 98
98 99
99 99
99 99
100 99
100 98
100 99
99 100
100 100
100 100
101 100
100 100
99 101
100 101
100 101
101 101
101 100
101 101
100 102
101 102
102 102
103 102
102 102
102 103
102 103
103 103
103 103
104 103
103 103
103 104
103 104
104 104
104 104
105 104
104 104
104 105
104 105
104 105
105 105
105 104
105 105
104 106
105 106
105 106
106 106
106 105
106 106
105 107
106 107
106 107
107 107
107 106
107 108
107 108
108 108
108 108
109 108
108 108
108 109
108 109
109 109
109 109
110 109
109 109
108 110
109 110
109 110
110 110
110 109
110 110
109 111
110 111
110 111
111 111
111 110
111 111
110 112
111 112
111 112
112 112
112 111
112 113
112 113
113 113
113 113
114 113
113 113
113 114
113 114
114 114
114 114
115 113
114 114
113 115
114 115
114 115
115 115
115 114
115 115
114 116
115 116
115 116
116 116
115 116
116 116
116 116
117 116
116 117
117 117
116 117
117 117
117 117
118 118
118 118
118 118
118 118
119 118
119 118
119 119
119 119
118 119
119 119
119 119
120 119
119 120
120 120
119 120
120 120
120 120
121 120
120 121
121 121
120 121
121 121
121 121
122 121
121 122
122 122
121 122
122 122
122 122
123 122
122 123
123 122
123 123
123 123
124 123
124 123
124 124
123 124
124 124
124 124
125 124
125 124
125 125
124 125
125 125
125 125
126 125
126 125
126 125
125 126
126 126
126 126
126 126
127 126
126 127
127 127
127 127
128 127
128 127
128 128
127 128
128 128
128 128
129 128
129 128
129 129
128 129
129 129
129 129
130 129
130 129
130 129
129 130
130 130
130 130
131 130
131 130
131 130
130 131
130 131
131 131
131 131
132 131
131 131
131 132
131 132
132 132
132 132
133 132
132 132
132 133
132 133
133 133
133 133
134 132
133 133
133 134
133 134
134 134
135 134
135 134
134 135
135 135
135 135
136 135
136 135
136 135
135 136
135 136
136 136
136 136
137 135
136 136
136 137
136 137
137 137
137 137
138 136
137 137
137 138
138 138
139 138
139 138
139 138
138 139
139 139
139 139
139 139
140 139
139 139
139 140
139 140
140 140
140 140
141 139
140 140
140 141
140 141
141 141
142 141
142 141
141 142
141 142
142 142
142 142
143 141
142 142
142 143
142 143
143 143
143 143
144 142
143 143
143 144
143 144
144 144
144 144
145 144
144 145
145 145
145 145
145 145
146 144
145 145
145 146
145 146
146 146
146 146
147 145
146 146
146 147
146 147
147 147
147 147
148 147
147 148
147 148
148 148
148 148
148 148
147 149
148 149
148 149
149 149
149 149
149 149
148 150
149 150
149 150
150 150
150 149
149 151
150 151
150 151
151 151
151 151
151 151
151 151
152 151
152 151
152 152
152 152
152 152
152 152
153 152
153 152
153 153
153 152
153 153
154 153
154 153
154 154
154 154
154 154
154 154
155 154
155 154
155 155
155 155
155 155
155 155
156 155
156 155
155 156
156 155
155 156
156 156
156 156
157 156
156 157
157 156
156 157
158 157
158 157
158 158
158 158
158 158
158 158
159 158
159 158
159 159
159 158
159 159
159 159
160 159
160 159
159 160
160 159
159 160
160 160
160 160
161 160
160 161
161 160
160 161
161 161
161 161
162 162
162 161
162 162
162 162
163 162
163 162
163 163
163 162
162 163
163 163
163 163
164 163
163 164
164 164
164 164
164 164
165 164
164 165
164 165
164 165
165 165
165 165
166 165
165 166
165 166
165 166
166 166
166 166
167 167
166 167
167 167
167 167
167 167
168 167
167 168
167 168
167 168
168 168
168 168
169 168
168 169
168 169
168 169
169 169
170 169
170 170
169 170
169 170
170 170
170 170
171 170
171 170
171 170
170 171
171 171
171 171
172 171
172 170
172 171
171 172
171 172
173 172
173 172
173 172
172 173
173 173
173 173
174 173
174 172
174 173
173 174
174 174
174 174
175 174
175 173
175 174
174 175
175 175
175 175
175 175
176 174
175 175
175 176
175 176
177 176
177 176
177 176
176 177
177 177
177 177
177 177
176 176
176 176
175 176
175 176
174 176
174 176
173 175
173 175
172 175
172 175
171 175
170 175
170 174
169 174
169 174
168 174
168 174
167 174
167 173
166 173
166 173
165 173
165 173
164 172
164 172
163 172
163 172
162 172
161 172
161 171
160 171
160 171
159 171
159 171
158 170
158 170
157 170
157 170
156 170
156 170
155 169
155 169
154 169
153 169
153 169
152 169
152 168
151 168
151 168
150 168
150 168
149 167
149 167
148 167
148 167
147 167
147 167
146 166
145 166
145 166
144 166
144 166
143 165
143 165
142 165
142 165
141 165
141 165
140 164
139 164
139 164
138 164
138 164
137 164
137 163
136 163
136 163
135 163
135 163
134 162
134 162
133 162
133 162
132 162
132 162
131 161
131 161
130 161
130 161
129 161
128 161
128 160
127 160
127 160
126 160
126 160
125 159
125 159
124 159
124 159
123 159
122 159
122 158
121 158
121 158
120 158
120 158
119 157
119 157
118 157
118 157
117 157
117 157
116 156
115 156
115 156
114 156
114 156
113 155
113 155
112 155
112 155
111 155
111 155
110 154
110 154
109 154
108 154
108 154
107 153
107 153
106 153
106 153
105 153
105 153
104 152
104 152
103 152
102 152
102 152
101 151
101 151
100 151
100 151
99 151
99 151
98 150
98 150
97 150
97 150
96 150
96 150
95 149
94 149
94 149
93 149
93 149
92 148
92 148
91 148
91 148
90 148
90 148
89 147
88 147
88 147
87 147
87 147
86 146
86 146
85 146
85 146
84 146
84 145
83 145
82 145
82 145
81 145
81 145
80 144
80 144
79 144
79 144
78 144
78 144
77 143
77 143
76 143
76 143
75 143
75 142
74 142
74 142
73 142
72 142
72 142
71 141
71 141
70 141
70 141
69 141
69 141
68 140
68 140
67 140
67 140
66 140
65 139
65 139
64 139
64 139
63 139
63 139
62 138
62 138
61 138
61 138
60 138
60 137
59 137
59 137
58 137
57 137
57 137
56 136
56 136
55 136
55 136
54 136
54 136
53 135
53 135
52 135
52 135
51 135
51 134
50 134
50 134
49 134
48 134
48 134
47 133
47 133
46 133
46 133
45 133
45 132
44 132
44 132
43 132
43 132
42 132
41 131
41 131
40 131
40 131
39 131
39 130
38 130
38 130
37 130
36 130
36 130
35 129
35 129
34 129
34 129
33 129
33 128
32 128
32 128
31 128
31 128
30 128
30 127
29 127
29 127
28 127
28 127
27 127
26 126
26 126
25 126
25 126
24 126
24 125
23 125
23 125
22 125
22 125
21 125
20 124
20 124
19 124
19 124
18 124
18 123
17 123
17 123
16 123
16 123
15 123
14 122
14 122
13 122
13 122
12 122
12 121
11 121
11 121
10 121
10 121
9 121
8 120
8 120
7 120
7 120
6 120
6 119
5 119
5 119
4 119
4 119
3 119
2 118
2 118
1 118
1 118
0 118
0 117
0 117
0 117
0 117
0 117
0 117
0 116
0 116
0 116
0 116
0 116
0 115
0 115
0 115
0 115
0 115
0 115
0 114
0 114
0 114
0 114
0 114
0 113
0 113
0 113
0 113
0 113
0 113
0 112
0 112
0 112
0 112
0 112
0 111
0 111
0 111
0 111
0 111
0 111
0 110
0 110
0 110
0 110
0 110
0 109
0 109
0 109
0 109
0 109
0 109
0 108
0 108
0 108
0 108
0 108
0 107
0 107
0 107
0 107
0 107
0 107
0 106
0 106
0 106
0 106
0 106
0 105
0 105
0 105
0 105
0 105
0 105
0 104
0 104
0 104
0 104
0 104
0 103
0 103
0 103
0 103
0 103
0 103
0 102
0 102
0 102
0 102
0 102
0 101
0 101
0 101
0 101
0 101
0 101
0 100
0 100
0 100
0 100
0 100
0 99
0 99
0 99
0 99
0 99
0 99
0 98
0 98
0 98
0 98
0 98
0 97
0 97
0 97
0 97
0 97
0 97
0 96
0 96
0 96
0 96
0 96
0 95
0 95
0 95
0 95
0 95
0 95
0 94
0 94
0 94
0 94
0 94
0 93
0 93
0 93
0 93
0 93
0 93
0 92
0 92
0 92
0 92
0 92
0 91
0 91
0 91
0 91
0 91
0 91
0 90
0 90
0 90
0 90
0 90
0 89
0 89
0 89
0 89
0 89
0 89
0 88
0 88
0 88
0 88
0 88
0 87
0 87
0 87
0 87
0 87
0 86
0 86
0 86
0 86
0 86
0 86
0 85
0 85
0 85
0 85
0 85
0 84
0 84
0 84
0 84
0 84
0 84
0 83
0 83
0 83
0 83
0 83
0 82
0 82
0 82
0 82
0 82
0 82
0 81
0 81
0 81
0 81
0 81
0 81
0 80
0 80
0 80
0 80
0 80
0 79
0 79
0 79
0 79
0 79
0 78
0 78
0 78
0 78
0 78
0 78
0 77
0 77
0 77
0 77
0 77
0 76
0 76
0 76
0 76
0 76
0 76
0 75
0 75
0 75
0 75
0 75
0 74
0 74
0 74
0 74
0 74
0 74
0 73
0 73
0 73
0 73
0 73
0 72
0 72
0 72
0 72
0 72
0 71
0 71
0 71
0 71
0 71
0 71
0 70
0 70
0 70
0 70
0 70
0 69
0 69
0 69
0 69
0 69
0 69
0 68
0 68
0 68
0 68
0 68
0 67
0 67
0 67
0 67
0 67
0 66
0 66
0 66
0 66
0 66
0 66
0 65
0 65
0 65
0 65
0 64
0 64
0 64
0 64
0 64
0 64
0 63
0 63
0 63
0 63
0 63
0 63
0 62
0 62
0 62
0 62
0 62
0 61
0 61
0 61
0 61
0 61
0 60
0 60
0 60
0 60
0 60
0 59
0 59
0 59
0 59
0 59
0 59
0 58
0 58
0 58
0 58
0 58
0 57
0 57
0 57
0 57
0 57
0 57
0 56
0 56
0 56
0 56
0 56
0 55
0 55
0 55
0 55
0 55
0 54
0 54
0 54
0 54
0 54
0 53
0 53
0 53
0 53
0 53
0 53
0 52
0 52
0 52
0 52
0 52
0 51
0 51
0 51
0 51
0 51
0 51
0 50
0 50
0 50
0 50
0 50
0 49
0 49
0 49
0 49
0 49
0 49
0 48
0 48
0 48
0 48
0 48
0 47
0 47
0 47
0 47
0 47
0 47
0 46
0 46
0 46
0 46
0 46
0 45
0 45
0 45
0 45
0 45
0 45
0 44
0 44
0 44
0 44
0 44
0 43
0 43
0 43
0 43
0 43
0 43
0 42
0 42
0 42
0 42
0 42
0 41
0 41
0 41
0 41
0 41
0 40
0 40
0 40
0 40
0 40
0 40
0 39
0 39
0 39
0 39
0 39
0 38
0 38
0 38
0 38
0 38
0 38
0 37
0 37
0 37
0 37
0 37
0 36
0 36
0 36
0 36
0 36
0 36
0 35
0 35
0 35
0 35
0 35
0 34
0 34
0 34
0 34
0 34
0 33
0 33
0 33
0 33
0 33
0 33
0 32
0 32
0 32
0 32
0 32
0 31
0 31
0 31
0 31
0 31
0 31
0 30
0 30
0 30
0 30
0 30
0 29
0 29
0 29
0 29
0 29
0 29
0 28
0 28
0 28
0 28
0 28
0 27
0 27
0 27
0 27
0 27
0 26
0 26
0 26
0 26
0 26
0 26
0 25
0 25
0 25
0 25
0 25
0 24
0 24
0 24
0 24
0 24
0 24
0 23
0 23
0 23
0 23
0 23
0 22
0 22
0 22
0 22
0 22
0 21
0 21
0 21
0 21
0 21
0 21
0 20
0 20
0 20
0 20
0 20
0 19
0 19
0 19
0 19
0 19
0 18
0 18
0 18
0 18
0 18
0 17
0 17
0 17
0 17
0 17
0 17
0 16
0 16
0 16
0 16
0 16
0 15
0 15
0 15
0 15
0 15
0 14
0 14
0 14
0 14
0 14
0 14
0 13
0 13
0 13
0 13
0 13
0 12
0 12
0 12
0 12
0 12
0 11
0 11
0 11
0 11
0 11
0 10
0 10
0 10
0 10
0 10
0 10
0 9
0 9
0 9
0 9
0 9
0 8
0 8
0 8
0 8
0 7
0 7
0 7
0 7
0 7
0 7
0 6
0 6
0 6
0 6
0 6
0 5
0 5
0 5
0 5
0 5
0 4
0 4
0 4
0 4
0 4
0 4
0 3
0 3
0 3
0 3
0 3
0 2
0 2
0 2
0 2
0 2
0 1
0 1
0 1
0 1
0 1
0 0
0 0
0 0
0 0
0 0
0 0
0 0
0 0
0 0
0 0
0 0
0 0
0 0
0 0
0 0
0 0
0 0
0 0
0 0
0 0
0 0
0 0
0 0
0 0
0 0
0 0
0 0
0 0
0 0
0 0
0 0
0 0
0 0
0 0
0 0
0 0
0 0
0 0
0 0
0 0
0 0
0 0
0 0
0 0
0 0
0 0
0 0
0 0
0 0
0 0
0 0
0 0
0 0
0 0
0 0
0 0
0 0
0 0
0 0
0 0
0 0
0 0
0 0
0 0
0 0
0 0
0 0
0 0
